5833
9574
416
3898
6042
2741
7634
5394
8751
8623
6039
5020
1231
2579
945
1109
4930
542
3100
7185
8066
1490
5177
7118
5970
9630
8486
3124
3602
1910
4519
2609
7593
275
3148
5048
5151
7649
4757
8098
5865
5975
6021
3706
9755
182
8860
6283
7036
1111
3628
9417
5786
4236
9224
6722
4759
2127
9365
7354
1338
4267
6794
3233
6746
3087
1784
8915
8256
747
3310
6803
9530
2109
9136
6538
3179
9551
6944
4000
1817
8723
730
7055
7326
9390
5435
6036
5073
4846
6815
5763
8211
9186
3720
1802
9696
6661
5753
9974
6280
2786
2582
6979
9300
9176
8429
2663
9977
2116
7180
7394
299
5076
5385
4622
2902
5179
2733
9308
6752
4169
503
1004
5243
9898
6026
7253
1439
6378
8442
3342
6222
3629
6608
1555
9599
3714
4073
5426
1570
2907
8273
8487
8791
418
8201
2225
3393
4784
5610
2580
599
671
2588
4385
2910
222
9897
4676
466
7371
3355
1457
1532
570
4683
3273
983
3688
5983
3307
6108
3000
474
4965
5571
6715
9680
8779
2854
877
1244
1575
5564
1972
8667
4263
8483
5111
7753
3071
7708
2432
4716
3890
7988
6532
3729
2957
4052
7861
7117
8801
7147
7849
6658
6567
4837
9395
4399
8275
7752
9759
5771
3051
1670
7190
3086
4411
4679
4976
8697
6023
2469
4656
2087
1170
1676
5003
7405
7728
5029
5223
6324
45
8819
5015
4511
8073
6322
9802
4753
4464
7374
1577
8646
6938
9194
2443
6243
6053
8206
8267
8631
5211
6291
4512
9710
6854
3120
138
6713
2395
8812
3065
1501
5204
5412
9946
9727
7225
2947
8430
7040
1867
1408
3690
1487
2829
9456
6405
6964
533
9212
2868
2632
5713
1287
517
5720
3861
7171
4875
5091
8445
1702
8082
6962
6413
8310
5744
3027
8105
3363
4513
8930
3428
553
4873
4840
1036
3557
7274
6264
2917
2950
742
4334
3480
6299
8639
8734
6228
5567
1309
6202
2238
3201
9660
4235
7052
6955
5213
8499
5719
4649
6989
19
9459
9785
1227
6136
3710
4755
4909
2703
9111
4653
1790
4275
637
668
5885
3478
7894
2204
126
2796
8195
559
1580
7023
2234
469
8994
7343
9048
9001
8794
9080
261
1753
8031
6789
2642
4906
2028
5666
650
3040
3335
9403
9097
3183
8163
8412
1866
5055
8590
757
7937
3186
5831
7499
528
5104
3702
6959
7766
8814
7193
2843
9255
4315
9856
1764
4472
3526
3057
4500
367
7421
3695
6444
3291
4640
6551
893
4834
9056
35
6381
4291
5709
9546
5485
917
1709
7919
626
463
2964
4795
7682
9451
8142
4645
2276
2033
9632
3482
3259
4599
1311
895
718
8805
6782
9371
7266
362
5770
9171
3420
429
7667
1847
3600
5402
3761
2590
830
3801
6919
7278
4539
8413
1200
4776
927
146
565
5886
3803
2249
7795
5599
5651
115
61
3844
3341
3149
2248
9295
3795
3542
3030
9728
5971
103
1844
4483
8709
7774
5867
8423
4321
1638
7302
8966
5033
2673
6265
444
1274
9850
7217
252
1627
7046
270
412
1886
7252
3033
6400
4641
5899
7404
6754
2752
8367
9942
8183
6034
7835
380
2927
5266
2270
4764
9159
5772
5553
2682
5357
7648
1759
9681
8214
516
2055
2374
8118
2692
7892
1560
6103
1177
5358
9112
7481
9786
9294
9640
4922
5733
1587
7223
6472
452
8579
1113
1550
8368
7625
6807
5643
4615
6480
6351
6882
8253
4341
2500
8446
8354
6734
1640
3550
633
9423
8404
1306
3876
2134
9315
944
769
8665
2132
9669
6703
7039
3737
4790
2098
7316
5185
8176
9243
6008
784
1350
1761
9866
13
7552
3617
8701
4908
6145
8308
7288
6435
8803
3757
99
7955
7119
1604
1455
2492
2542
3206
9524
6321
5409
5250
4441
8434
6623
1158
3447
3284
6699
3315
9271
7874
9207
2007
7740
3375
4359
3644
8951
6555
2553
4591
6582
2596
6179
5364
1747
2858
7616
9502
8028
9211
8865
7450
4339
6411
4351
8384
8439
6102
9520
7400
5184
1611
8495
7100
7971
5057
855
224
7473
6913
3968
9848
4045
1226
1857
3912
3099
3712
231
9072
7857
8950
1093
9190
6340
4941
3614
2664
9242
1923
586
9339
4013
3983
7267
1166
3763
9349
4158
907
3837
5298
1192
4184
6907
1278
9493
6816
2556
6638
1184
5778
5822
9836
7227
3160
656
2079
7963
485
9821
7437
2003
6482
7643
1068
772
4897
6288
8337
1299
5043
9443
1087
29
523
8290
902
2293
2224
7072
4027
8224
4731
5513
4063
5681
4086
546
4992
2594
9199
8767
7679
4634
2359
9487
6943
8216
4888
3528
7619
9442
688
1773
1565
970
4473
3147
7245
2501
225
6001
6188
4801
8926
3947
1758
7269
6254
4279
4414
2323
5408
532
3879
7120
6591
5528
605
9191
5588
2604
6817
8782
6879
1334
6004
5047
5791
3410
5968
7240
1165
8501
4409
2024
1607
4360
8875
3825
4197
9113
5602
746
2597
393
8271
6543
3620
357
4198
6067
8652
496
288
3242
3103
5688
4851
4695
4767
3573
89
7947
32
4715
2987
6410
2409
9270
9661
7836
2980
4498
5943
3923
5130
7458
2634
8180
8849
1160
330
2440
4963
7743
8871
2775
438
3359
9561
3085
9729
1779
295
4694
6231
8234
2971
1724
2903
6278
8808
7602
4586
6326
660
9940
1997
6577
2001
6504
5045
1829
9657
6757
2821
9911
6277
9982
6529
6841
5234
6244
2929
7833
4530
176
6376
618
2875
3222
3328
6468
9686
5759
3223
1147
1387
6486
410
6761
883
4812
8937
804
2346
9909
9883
8055
8323
2363
2750
232
7409
852
7771
501
3365
477
5994
6711
1734
9719
7031
9280
4002
973
5381
5547
5627
169
53
7918
3731
7406
2743
8228
6463
9715
5665
4607
579
241
3579
8477
10
5729
8754
2527
4977
8204
340
6372
8657
4451
1091
2605
5350
1003
2283
5657
8170
4711
7004
2746
3946
4110
9035
1900
4979
4924
1061
7746
8608
1523
8293
9540
5480
2490
5329
2577
2075
9051
7489
7301
795
8883
8651
9624
2681
5838
7502
3955
6127
3624
4314
6671
7550
2595
6138
264
2275
5802
4779
4738
7158
5069
2539
8792
2771
9780
6951
4287
9133
7369
5071
9990
2494
3475
853
1833
5137
7671
2684
720
9078
1810
4684
1251
2423
3899
7676
7635
3441
5163
4864
2002
6684
7321
7127
5242
3275
272
4876
6683
2921
1322
5888
7368
1295
8873
9328
9507
2666
399
5633
6196
8135
5641
4256
5520
924
8262
8092
4796
8178
4469
2699
3505
1425
1438
5225
2540
5447
3591
403
7298
4975
1117
9873
9559
931
8424
3358
7812
1176
652
9943
6540
318
6178
6852
2710
915
9489
4766
3981
2988
1907
6470
3254
8347
7869
9193
1042
2258
4146
8342
5539
3511
3007
2840
2428
7150
4527
5736
9597
987
6403
62
8897
5637
6401
8946
2373
1990
4617
2882
162
1888
8660
2989
6513
3451
9885
3848
7218
1223
14
8298
4028
8968
4041
3846
1303
5891
7935
4554
7381
1469
9003
6074
2317
7138
8296
1589
753
2713
7111
8482
2120
5699
684
595
4209
4874
3340
9996
1452
9600
143
6763
6894
302
5078
1058
8327
9292
228
7922
5816
7358
2559
7057
3854
554
4102
8133
2672
4107
205
7379
7816
9671
4066
6886
9957
3545
7351
7412
3304
8634
2623
3904
4207
5584
6189
2388
4782
8335
1579
2653
6601
7875
866
3258
5757
8822
2147
2528
6970
6950
9914
5730
2531
3198
9475
7344
8947
8371
2228
9815
5274
3790
9858
6027
6892
535
5929
4550
7744
2657
765
4896
2287
5208
3840
1078
5144
9363
7025
3067
8742
7073
4293
4931
9313
8525
3530
345
864
1556
5294
1951
98
6847
447
9480
5424
1588
6279
6621
5914
5743
5616
8194
6354
9034
384
6012
8685
2967
9209
1538
8121
6070
7620
6616
7576
5488
1330
6045
9413
5249
5113
8085
2226
3641
1663
7998
6814
28
7595
7483
3748
132
1865
2512
838
1831
4474
9468
6040
2906
3500
5857
5075
9256
2190
7651
1102
5934
9156
7866
1141
5795
3373
1121
9901
3429
5154
9743
1896
6780
7677
4503
8393
5691
8276
6213
2215
414
6272
4404
368
8152
9450
9104
9833
9805
8496
7944
5798
6804
659
4005
7749
5879
4195
7390
2714
9424
2678
7144
512
6609
8340
7939
9595
8526
2633
6888
568
9766
1046
6252
9791
442
8856
5354
9762
5982
4793
307
4154
9131
7879
4140
9691
9545
2970
6192
3560
4352
9168
1873
803
1290
5762
519
3870
1024
1390
5042
2830
6578
9667
928
6083
492
3708
3571
812
9688
9273
2094
4117
3364
6729
3927
673
4998
3862
837
9092
7501
2730
2742
788
8426
3538
3006
1995
2214
7628
4199
9896
5562
6725
9274
8960
1495
7484
3809
4406
2172
8737
9699
8963
2457
2054
7273
5632
6484
8533
1819
5467
4750
4231
1451
4564
7707
6924
3437
7611
9580
2304
9000
7992
1224
3021
4345
9519
7018
1636
1441
8675
813
5862
4148
3244
9732
6592
525
8509
4619
1628
1084
59
6453
1695
3282
7222
5705
3639
2704
2239
3053
5103
6215
9857
7401
1071
6881
1105
7284
7911
8655
7410
3481
823
9615
8414
6085
9471
3286
5887
4454
5356
749
7424
4584
411
8818
6163
3343
2171
6342
5476
3163
1634
8237
5712
2572
6237
6017
7516
5576
9822
1856
2015
9472
9037
8306
7187
3353
947
8627
7375
4416
5493
557
7783
472
7585
9405
7363
7554
5663
5686
4119
7465
2332
5828
6253
8094
3880
6000
5428
8072
5927
8905
2229
729
6374
5129
5535
6777
4778
2014
9310
1319
3995
4242
3588
5815
2825
5910
5989
8239
1179
8048
1860
9622
4740
6238
6090
268
7306
8874
9840
1230
7739
2142
3685
743
9575
5146
4630
3394
6031
269
3176
8545
4250
5861
7711
5182
5290
9305
3303
3867
3585
8518
467
654
5038
4161
3645
3026
9479
4884
7418
1608
6478
4138
9407
6818
1070
6576
8727
8083
4171
9610
2530
2515
9881
4364
5531
4967
846
9907
8491
2431
2491
6172
4698
1116
5090
443
6229
8458
5664
9031
2350
8129
3048
6481
118
4583
6020
8731
1409
6515
3229
1161
1256
2292
9044
1751
9297
6770
7445
1054
6688
2090
7511
5099
178
8889
6677
5869
920
4994
5951
6798
4762
3719
4612
5941
8120
6641
5559
7477
4173
3145
5202
9636
5921
1650
8080
1456
7756
5273
436
2057
8604
1429
6123
6980
8567
4085
1464
8907
3948
5432
6454
6969
9399
6537
6356
9335
3257
2536
1535
9050
3780
5335
6389
435
6377
2738
5030
5853
7088
7528
8625
1932
8714
6594
1961
7327
7311
7553
5727
4152
5152
7136
8155
4928
2584
5700
2606
8858
6859
6833
2437
1836
1595
2352
9497
7280
3314
1002
7936
7480
4131
4201
7925
153
639
3190
451
8592
7220
1940
2121
8250
4043
8598
427
7704
7490
3144
6022
3910
4194
7994
3432
919
3489
1998
6227
8042
8959
8312
1581
6440
8341
4465
3391
7942
8516
7297
7048
8326
120
5393
1981
5349
8013
8647
3232
6514
7539
5852
5210
840
5001
3187
9548
7640
5365
2758
3132
4254
3360
2426
5789
5962
7687
6516
6649
1740
7633
1528
5139
5924
835
4019
770
4440
5609
9138
8696
6491
8816
2073
2450
661
9095
9859
8462
7108
6319
3155
2700
2181
373
8765
715
3260
9414
1283
9428
2019
3389
8245
6742
3718
8400
3627
4981
5925
2661
8572
4576
6352
9214
7518
9855
2583
3952
8091
2099
3900
1301
1716
3263
1520
9043
3379
6208
8452
5246
8392
6996
6929
4609
8215
2384
1782
5898
242
5977
1346
4435
2826
1385
7524
4121
9709
4566
9234
6963
8175
1915
2301
3751
7565
7688
9886
6024
9789
4463
5022
500
5239
2268
1361
8235
365
1519
5667
7754
2264
4783
2809
9005
1115
6424
8189
9302
4459
4336
3366
7972
5404
8864
2188
9758
854
5965
8757
8330
2920
7416
6564
6187
7613
7386
4598
8089
8523
4544
3461
1533
3683
8761
8593
3678
4736
7034
5752
6624
196
6395
6643
5272
6009
2493
7387
5105
3324
1930
34
2023
407
5868
3151
1727
3653
9380
5950
9454
1735
40
68
9027
8831
2831
7908
8877
6301
3265
230
9753
1613
2558
548
3681
882
9991
6736
5631
4647
7219
4523
7099
5452
4533
259
9247
7540
6420
1653
7902
9517
237
6918
7268
2371
8843
1632
943
4633
5463
7697
9378
8678
8374
297
4917
8775
9852
5316
8561
1661
3268
5201
538
7926
8895
9303
8594
6644
251
5235
9398
2032
8173
5969
187
4096
9482
8845
8467
691
1331
8975
4712
3362
2397
1541
112
4128
7624
6003
2041
5536
2522
2862
1017
9203
5416
9619
6030
8683
4480
1318
3778
5608
9249
4582
9253
6498
2218
2367
110
6114
511
4957
2585
9910
1120
9042
1690
5115
9676
8177
4799
9376
822
3672
3414
9871
6164
6171
2463
3930
709
1162
7880
3549
3301
7561
9343
8722
7197
6719
560
3245
43
3747
6068
1453
2299
7300
9589
9366
7035
2942
5217
9604
8914
9811
2566
8741
9834
6061
7873
2048
5903
5710
1032
8993
3864
20
9707
4482
8698
9522
1878
2091
9923
1745
6840
3834
8833
475
1992
3003
4703
4182
4844
4988
2197
4808
5668
107
5483
8202
1163
210
3954
9925
5568
124
3076
1515
5450
434
8045
4843
2140
4871
2307
1152
7353
1210
5858
5505
2424
7012
4006
7877
395
4390
8777
1722
2361
2212
2719
9573
7989
1966
5120
7909
7346
33
445
9279
6186
1615
7714
5549
4405
2390
6795
6533
2874
1513
65
2160
756
4938
2277
2366
3541
3935
247
5427
7780
3424
4252
1894
6531
374
2141
6905
1582
4872
6981
6726
7109
8629
6691
2505
6895
8396
2065
6349
2946
2447
9314
5275
9654
7650
4810
6155
9198
1397
903
620
7169
1151
969
886
9768
1465
1689
7544
8350
2451
1411
5854
3090
3625
9714
8942
6107
875
8198
543
1482
8700
5197
5317
1263
3020
3197
6149
6507
106
4942
8026
8210
4632
4722
1337
2618
8288
5308
5417
4721
5629
1936
353
9024
1621
420
8408
6936
8364
6205
3974
7556
5563
4264
9140
5881
3815
2759
1864
6829
5311
7818
3388
1591
6987
1140
2803
3755
7959
6825
8259
6973
9527
4168
2993
398
8502
1785
1714
2524
7179
5373
1488
7140
4144
2848
3982
9061
9585
8962
1956
6914
7962
9125
6305
3770
7103
8218
8168
6557
6889
5344
3599
7913
3181
2053
6005
9284
90
1598
3703
4948
7319
2876
4949
1737
5895
1672
147
1026
4699
5521
2341
7954
3207
4031
6156
3891
8575
2446
5267
5348
1325
6603
8935
5697
2205
2495
8574
2997
9382
5711
2378
1721
4288
4462
9014
2430
6771
2167
952
9192
3024
5509
4956
15
7098
8389
1594
9668
1434
1891
4067
9712
8246
3446
610
1342
36
4502
2778
2973
4401
2534
7393
5361
9287
2303
627
9106
5196
3251
2272
4569
8394
6556
2013
2266
39
195
8252
2105
8265
6097
283
2926
4230
426
1126
2767
1267
7760
2256
9687
7237
4991
3969
7641
3792
7674
7475
7183
3044
1368
9098
5669
5507
7457
9771
3495
139
1491
8410
885
8019
968
2302
4603
7930
6159
6628
8150
5973
592
3037
9512
6167
628
2230
5390
1426
8114
664
4174
4228
9309
9960
6680
7534
5850
2948
6360
4944
4611
6701
1933
6091
8172
23
6037
7209
7889
5066
1557
371
6293
2637
4150
1657
4136
8309
8444
6915
5491
8260
6051
364
5902
476
1131
6153
4862
2773
506
2177
9225
7452
7997
1206
2790
4492
5405
6271
8676
1511
7349
1280
5145
4104
7809
1884
8909
536
6060
4186
8212
8921
2900
1925
3112
4886
5429
5455
7451
9740
3509
7347
9421
3084
998
1931
4726
6218
8277
2861
685
1970
2484
9094
7601
9934
4183
4017
7226
3581
7359
5512
5303
6731
4167
662
1929
1647
489
84
6214
1630
9721
8566
7781
6654
2107
8123
2184
8584
6575
960
9895
8641
8515
1276
7815
4639
3036
431
7673
8869
8989
4450
246
2411
3443
8292
7838
1092
7105
9638
4704
8682
4376
5341
9869
7255
7430
4322
79
7260
2535
453
3272
6909
338
4192
5963
4751
1924
2128
1371
4847
6455
1521
4567
9496
4233
1942
8027
5859
9053
6327
2808
5587
2487
8076
8796
9912
8890
6493
7903
6180
8395
9317
4549
8492
6945
450
5265
9379
8103
2625
8058
3871
1755
6792
6298
7884
2814
4772
5082
191
9571
5209
9221
4403
1916
1882
9832
3302
6496
9849
4725
7881
3436
954
1374
6985
1871
844
1106
2783
4613
727
355
4841
5324
7078
9187
1053
2815
3043
1809
5028
6314
4749
7686
2519
5675
6600
7043
4123
3979
8115
9022
4307
2044
5680
5844
4378
1687
2665
3518
4111
4655
9941
9874
4534
1366
5501
2986
1717
898
3793
3869
8832
4691
4939
2754
1777
4585
5515
8455
7975
405
5678
1360
2649
6663
8934
5006
1388
6607
9318
7091
6207
6862
6648
4986
2560
289
4422
9625
9906
6391
1086
7629
6344
8887
6733
8130
4021
7591
8749
7134
8672
1137
6705
6226
4305
5484
1341
1324
1880
5931
7921
4732
9587
5355
9333
8280
3308
7996
9336
1944
7156
7032
6300
9282
1355
7454
3668
3347
681
9236
9128
966
1762
7414
7083
4893
7313
6320
3442
8272
9066
8565
9584
8521
2334
2667
1811
7759
6275
4742
3108
3516
3107
6182
1838
4659
5689
9330
4900
8528
5205
6236
7342
7547
3167
8116
5053
5773
8050
7644
6245
5337
911
5768
9183
1377
5569
5590
9951
341
3814
856
323
4091
7010
6095
4637
8192
8861
7051
4115
5893
2416
3741
3161
6602
5016
839
721
2330
9057
7726
1651
1234
8773
2668
7339
7969
3063
4664
5462
6664
3655
4155
1688
7366
8101
8771
5079
5340
5790
7806
647
8747
7590
385
6702
5174
2231
3586
2533
3535
8743
6810
5395
2619
6631
8460
2261
9525
2263
5922
2972
9029
7660
6303
2545
1153
2823
4145
8854
6474
1384
4227
1789
7696
8158
7466
4245
6583
2904
4355
5257
5824
6445
391
2108
3188
4234
4509
4952
144
529
3926
9633
5413
4693
3920
6341
8345
9075
7538
8463
8750
8096
2789
2748
5516
3195
7070
9544
8919
5282
8376
8230
2400
7182
9353
8622
8456
4392
3972
7736
1031
6933
589
5468
1971
2995
9178
4892
7979
7984
9903
6
791
3597
3604
2035
4049
9087
7890
9337
8281
4116
3721
8827
4054
8322
6793
9623
9142
9843
4595
6367
8760
4746
6544
8220
5474
638
236
9553
851
9798
8213
8710
604
3598
5149
3345
7305
1845
1795
2568
4879
7929
8457
9021
8719
4845
1920
3055
4697
5102
9299
2878
9108
3488
5124
5106
6753
7449
8739
8453
937
8995
6409
3580
8983
5787
5692
9612
2325
495
1314
1889
3166
1344
3418
9415
3522
4493
5441
2620
4413
8806
7307
4437
9720
7178
7272
9345
3175
152
2154
1796
9998
9787
8166
7037
9650
9828
3811
6379
6304
7843
74
2133
4970
2088
6517
5837
2939
3330
5181
8355
845
2329
3568
5596
2779
5041
5607
3608
4037
3868
6747
6673
317
8870
7940
4424
5702
4848
305
2151
933
2686
8928
4443
3062
8713
4689
8793
8811
4076
9160
9306
2670
1821
7964
5052
7862
7200
6096
3487
328
2538
1266
9361
3611
5328
7299
9161
4571
8363
9535
1250
3881
1072
9959
6259
2300
5492
4857
7242
119
348
9845
2082
1945
8049
3454
3274
7946
6402
8880
419
8475
7878
3220
9931
2254
8899
7684
8315
1699
2792
6337
8663
5466
6098
7811
1593
1629
7626
6234
5517
3306
1642
354
6315
9854
6528
7965
5674
424
8828
8588
7803
1667
3374
9286
6718
1812
1780
5037
9470
6995
5654
4685
1103
2571
3956
7858
180
458
6899
4623
6368
2813
6353
9116
9115
3928
8397
2137
1159
3464
181
7322
1095
8813
2129
4807
7085
834
8888
1536
7384
1917
9169
5598
4929
4551
723
3002
8227
1259
508
8876
4303
3384
5464
3875
2788
2812
6831
2516
2844
8607
9397
1432
7791
8866
87
1701
8279
9281
2131
3845
4372
6801
7950
6332
2565
7608
2295
6935
6518
9319
8800
3656
736
6380
6457
7974
9439
8109
6161
8448
8538
7938
7717
4361
388
150
6191
6286
2709
1937
7152
7407
1403
7000
3909
7798
1081
4727
3997
7295
3839
5920
4373
1297
8254
5134
2851
5192
4176
5369
6312
3677
9939
4453
3261
5839
7076
9645
8388
81
572
9565
5785
1584
8030
4423
5863
8758
6173
4891
6993
600
3820
358
4768
6047
513
8366
707
2567
437
211
9204
5738
7015
9277
3605
2281
2772
9516
3667
5826
1187
9391
9921
4238
1874
8616
1424
3165
1235
8305
9607
6992
9971
8658
3783
9265
7172
6200
9826
4319
7827
2168
8531
460
6908
5193
8062
8517
5880
1770
3466
3325
7854
2321
1552
2351
1877
4326
4804
6827
3168
6656
9276
5423
4521
5683
3895
5533
404
2202
7256
37
4010
1788
3476
5682
2574
7622
2658
1609
9167
9656
5165
2969
2467
6790
7392
4932
8157
6805
2297
4861
7948
2855
7508
5214
7951
2296
9070
3477
4802
7837
6147
265
9455
9973
3210
9919
5228
906
5948
4249
9174
6828
2473
5333
3976
646
2006
7691
922
7887
3551
9320
4211
8769
9374
336
3915
8917
5116
1075
6016
9175
8612
243
9341
958
8724
5375
5157
1526
4692
4935
4761
3988
4838
8559
390
2827
3829
5454
4417
4456
2994
9026
3523
2165
8063
6393
1897
8766
867
9875
6059
325
1135
8258
3544
8997
2537
8823
7848
9063
1207
9509
7712
3698
975
4580
3093
5525
3513
714
5351
4237
1286
6028
9393
8154
3140
4070
7168
1110
22
1892
9144
3791
6802
9617
8952
4407
2070
7801
2347
5985
4887
567
5830
3889
7212
4329
93
1199
3515
4604
3649
930
312
2279
3089
7340
5114
9101
7403
549
2690
1383
2518
8145
1396
6080
8546
8632
5717
8554
4982
9646
4269
8987
6370
8511
9829
9800
1357
4626
3116
9229
4624
8222
6991
9018
8132
6015
3609
8164
1194
8613
8125
6655
5343
4055
4666
799
3171
7291
8774
4771
6906
1618
1349
4883
1481
576
4402
5715
1392
9438
1771
2159
9801
9741
1955
5708
8433
4278
990
4594
7885
8898
5911
9797
9803
6966
2008
1473
3765
9458
4320
5932
1903
1658
1415
4393
5327
101
1461
3098
4758
7239
4852
1566
2025
4588
6317
6891
7562
6112
248
8361
3316
3583
6571
2564
7895
3739
797
2046
1606
5088
3397
562
8910
8512
794
7603
1006
6069
8744
491
1014
8328
7060
849
5809
2628
4681
3918
7323
2049
8540
4421
3111
3126
8730
7589
3524
4386
4033
1909
8648
603
1901
5140
2310
3256
3184
8020
4800
2949
2945
7652
1693
5639
7999
4283
9562
787
5926
4434
1578
9965
7016
9412
1323
1732
5841
5725
4905
9473
2502
6125
1118
3634
6306
9808
8380
4524
4381
9065
8205
4215
4064
8067
1211
9257
4858
6626
1188
335
5829
4958
356
3194
2702
3061
4824
2833
2497
7203
750
9262
1922
7474
7033
8582
1132
3993
4398
1376
2507
6382
5954
5855
7309
9999
2805
2322
2723
8636
3439
2394
6897
7402
3405
7548
9258
3227
9510
9259
6433
9453
3828
9956
7761
9504
5227
1412
8583
4036
7491
5870
9124
8419
7123
3773
2622
8835
2148
4354
9387
3856
2328
8385
7570
494
9577
8405
2885
7991
735
9778
4023
5473
6588
3827
4165
166
7819
5946
9433
4298
4654
6392
8289
9985
331
4011
3692
2291
4210
7106
1019
5653
3440
8573
7768
4854
7769
6800
1122
7569
3312
857
7559
5178
9861
4370
3651
4657
5997
2368
8316
3771
7397
2062
1952
1082
4068
3682
2064
4631
9041
4718
5732
623
9422
3727
7599
3665
9375
9722
1683
2216
4907
4300
8469
2466
1949
616
2449
8681
9226
2985
5309
2593
6972
2720
6598
8171
701
6693
3427
7839
6689
5315
7514
4946
9756
3293
8269
7143
329
955
9013
9369
9744
5271
24
7314
7215
9538
6997
3386
6318
5080
363
4964
6520
8961
3565
7517
2305
6819
1551
8735
762
1282
5478
5252
7672
3399
4878
563
6926
4819
6146
7434
4396
622
1189
9775
235
1198
8736
9462
7715
8708
5425
4627
6745
1502
6348
201
8778
7532
3865
5572
4579
2290
7970
4831
2630
9261
818
1730
9796
1854
7779
3745
7823
1985
9460
3878
7718
3185
4997
4674
808
6447
7456
5904
7017
5916
7537
4290
1547
3934
9930
5433
8500
2898
4486
8780
5630
841
9491
9590
2052
744
8954
3618
9231
2169
9981
6137
5960
4788
9444
9754
3281
2555
9684
3182
6331
209
4918
6115
3068
4520
2726
8381
316
1328
5662
1822
9495
550
6942
3421
9626
2429
7370
5873
9945
5693
5251
7960
1772
4106
1696
5370
9323
7621
4827
9107
6477
861
2870
8628
9994
1052
2908
8243
3572
1327
4316
2867
3704
5050
751
1537
4610
4528
5961
3938
2655
7195
8967
6345
4277
3559
6241
322
7470
3350
3400
6697
6459
8786
413
5737
9046
9978
4680
912
994
5642
3169
9809
2804
7542
8781
8838
6610
8768
4720
9526
5551
3788
5440
7019
2863
2629
7149
256
7506
5878
8654
2608
3417
6456
4665
5384
9357
2718
3980
7923
4966
1697
6712
2763
6461
6947
4442
9842
5622
8056
1373
1498
8334
9296
3616
1395
5296
667
8051
5582
2376
4213
8802
6748
7132
7734
1848
3278
2913
1898
9664
9076
5199
9499
7617
2045
7442
7732
6939
9352
1225
7139
7337
862
4642
3822
7665
4289
8552
6614
4536
6273
3860
3473
123
254
8420
165
3054
4223
5804
2113
8255
4074
215
1067
1169
9032
505
4008
3130
2095
8373
8530
3971
4817
6823
8550
8662
3562
5765
9672
4797
4268
4206
4425
1047
4444
5498
7901
1428
2781
8867
6154
8998
8
1993
5537
7956
1129
304
7020
8479
2391
8301
3965
914
7286
3329
7104
8390
4120
7933
4135
6720
3046
9170
6143
2511
8958
5597
8717
1292
4754
1596
4461
4605
9693
2523
7906
5578
8472
9213
993
8324
8886
3196
3723
2919
2425
5138
4987
7804
1209
9777
8560
2662
9549
9017
6676
7464
6166
7699
6066
9986
2479
6637
5459
7066
6152
2353
5586
5000
6442
5288
3463
7750
3636
4600
4557
1302
9119
9089
8830
3555
9445
6530
6512
3648
2342
2060
4915
1744
916
7719
9121
1617
5371
7050
9342
5472
1586
4705
7315
2237
9976
1329
397
293
1648
2517
4369
7049
2782
2592
9697
4363
8857
1918
728
5907
4972
3945
6772
6884
1339
9373
2448
2761
7735
9783
6198
534
9153
9386
1450
2760
5577
5897
3158
9245
7716
9431
7296
3267
2757
829
7852
7973
5956
4400
6960
9818
8847
6073
6948
5083
2734
9827
6880
1571
7567
8225
8986
974
5147
1405
2849
7444
4798
5238
7265
6934
9157
8432
8908
9064
382
7778
9593
280
3575
277
7426
3635
4202
3760
1101
4481
2093
111
6292
5726
4009
5070
3031
9325
2954
2765
9724
8788
148
1037
8093
5446
5218
7186
5366
7742
8018
8261
1483
1984
9641
6432
3453
3810
8633
4374
7920
2471
7797
569
2111
369
5325
1899
3905
3280
8585
1056
7232
2660
7864
2589
4491
7233
5175
8418
9181
2282
7681
4901
9006
1404
2557
9928
6209
6843
9700
1512
4532
2365
5777
1742
2887
2671
5530
3812
141
3465
2364
4323
7987
5171
6206
5978
8797
7121
5434
2547
464
4340
5848
4984
9872
9529
1175
1254
8257
6788
1320
4923
1300
2461
665
1313
7275
3493
2083
2372
9109
4990
6006
2721
389
8610
1033
5389
9992
5581
4723
3491
3104
5490
6197
223
6580
8706
4415
1723
2164
3975
6412
9841
6558
1307
4516
6821
5411
7251
4430
614
8862
1217
5592
4911
2112
5190
9447
319
3449
5279
645
982
465
3338
1489
3964
1912
7202
4153
7846
9570
3490
8478
4745
4561
697
2193
6399
5123
3361
9484
7071
5621
229
1655
588
3455
3797
1816
1050
2600
7842
3146
5936
7075
759
3407
5735
7431
869
5009
4358
9556
2125
7741
2398
9954
3136
2601
8025
4395
601
4353
3297
2405
6687
5098
189
1447
7388
4517
4541
4747
5110
3117
6248
27
3191
155
5986
5706
8386
30
4458
2865
2345
6499
5672
4247
4763
3986
979
9968
6233
1522
5407
2762
9020
5095
3122
9915
2115
5306
712
985
2259
6755
3831
602
9890
6373
1480
6797
7990
7102
6329
738
9446
9820
7330
3270
2480
6579
527
7983
9711
4
6922
7439
2717
159
1277
2551
6258
7794
9751
3467
880
6824
5526
7026
4220
4098
4490
3352
5595
1448
2412
9602
2439
1363
3906
3139
9416
86
3348
2146
7357
400
9647
1991
6220
6177
8034
6784
1834
2835
8059
7250
6157
5233
5219
3381
8596
9948
4099
6464
8069
6586
239
4485
3106
9301
1540
1562
5352
1030
3088
8107
4543
151
5093
6806
6195
9251
2857
1298
4042
3566
5780
5
7525
3150
4187
9019
6873
606
7207
4573
3395
1076
9285
2591
4608
4087
1700
2839
6982
2800
2247
8095
6569
5892
9348
6910
5871
7800
9291
3529
6260
9478
521
6428
1662
2475
366
1308
3764
1919
6783
5260
9467
4635
653
881
1191
4143
4752
6489
5195
9704
7582
1315
5554
9649
9635
1174
1246
7377
1216
3940
1677
4160
6383
3733
8918
651
4447
8514
7038
8503
3943
9725
591
2047
6845
9747
6975
8912
8357
8244
3818
8153
6523
2728
9830
2563
1798
9430
5471
4133
1869
6724
3010
6232
9694
8956
7433
890
8549
6665
3208
409
1098
980
2892
3485
9220
9863
1240
5367
3784
3433
6101
3041
545
3610
173
8421
9278
5548
8715
2340
6117
9266
2669
6581
5945
8037
9503
7529
5374
6475
2881
6735
4671
6541
9129
8409
4141
9351
8186
4240
2753
7868
5387
1619
3512
4389
3011
2192
8705
1633
4124
5506
2698
8988
3016
2838
1781
360
1262
2739
8343
5300
5445
2104
6639
5085
8011
5866
4029
5776
2884
4529
5060
7380
3821
9846
7408
4553
3408
8022
8184
9028
6385
2736
2206
9969
3676
3415
9944
140
113
1133
3556
2077
3936
2979
2472
5255
2453
1097
1436
9557
1407
8160
3094
6175
9217
8012
2114
2747
5194
7656
5302
406
2458
7981
7724
8539
8553
7436
2399
9082
1835
7727
5362
5800
8270
2253
6554
3295
6441
5527
5035
4296
2654
6937
4668
5767
5051
6011
6916
9748
2119
4710
25
5126
4709
1887
6640
3836
3346
4080
6144
8916
8009
5825
3419
2478
4127
454
4510
2150
2893
7612
5097
4953
5382
9614
4317
6911
3547
6799
7527
8893
939
6593
2520
5278
2344
6660
7160
4589
1592
6539
4130
3543
4185
1718
8112
9152
6928
950
6511
1134
5131
9788
6832
7824
6662
2981
5966
4081
4813
725
694
8264
7163
7318
8923
5261
3779
6397
4007
5992
1281
9916
4449
4708
5007
8131
2820
1563
1220
3483
2674
2235
9252
3205
1959
6723
1505
17
6642
3652
6619
3724
3450
5913
4433
3907
6111
731
5449
4232
8753
8630
5189
171
9250
8991
8611
2362
1218
5939
2130
9528
1895
300
1044
5603
7283
8597
2203
7257
9769
7953
4504
9
2982
596
4258
8488
2544
9926
1074
7087
8485
3992
7703
2030
7899
8075
311
5170
8763
3817
1100
2834
3072
4222
8943
7494
3957
7891
1107
8948
6767
4973
1009
7709
7690
8964
2894
172
711
6094
5077
4105
271
2602
2069
7095
8403
8497
774
9782
719
5148
2039
9631
6297
2155
5118
4650
3967
3224
5636
4899
4388
5495
5002
3958
8725
5391
8081
4770
3154
5793
287
4682
7376
4062
9514
5813
6559
1043
2185
7710
3578
6106
5739
3058
7093
6565
8852
3015
2157
9739
6927
3574
9793
4565
5991
2042
8291
7065
7588
6645
7488
3885
3567
9605
5203
1228
6076
4660
8702
5025
5570
6672
342
9698
2679
7657
5821
2513
63
9463
9662
9148
6162
8321
1114
8064
9268
8443
964
7482
4663
9884
8872
6064
3456
3767
7695
9189
1793
8402
4446
7164
4890
5023
5237
421
3908
2210
5593
6505
4439
439
3102
7577
2318
9073
4030
3492
6077
9241
6105
5180
5122
334
8358
4366
3766
2217
3670
7188
2836
9321
8601
7705
2691
507
504
9651
2385
1142
4092
7077
6846
4816
9867
9927
1173
9452
8602
9264
3240
7504
7785
5032
91
2010
8167
4166
4346
5589
7581
4438
5601
7513
8941
1088
8362
8440
635
2891
1402
9730
381
8969
2213
6038
5399
8507
9611
6055
737
1698
4593
1466
6522
8122
4024
1345
6240
8729
6469
4980
6427
8162
1599
2627
5281
8113
936
6999
8738
2977
2934
2508
7584
1539
891
1525
7011
9384
8661
7546
1421
9552
5245
6700
1749
2645
1294
5723
9059
9627
4271
1583
9122
3008
7615
619
7722
3933
3696
7247
1927
7013
6956
683
1977
4371
4478
8407
3830
3266
1757
991
4652
3283
3700
5010
4475
1364
3622
785
6350
5150
4101
481
5132
7089
2219
8841
7700
430
7638
4151
8900
8863
249
2319
137
2959
5707
6759
9773
3322
4479
9558
4926
733
5755
5935
202
4961
4457
5486
2387
468
4902
1270
3684
4188
8868
4677
847
8656
2650
1062
1778
2402
4266
5542
2996
1157
3849
3740
6842
7912
7500
8789
3217
4832
9560
8522
5750
9701
7469
7068
8060
1484
2503
3029
1316
1027
1567
2525
7467
1941
7675
1964
5972
9334
7606
2096
5297
5976
4814
6294
9880
4122
8119
3497
7471
8117
4189
4825
8141
9891
7453
5832
2358
2251
5101
8179
9091
7126
1639
6714
4059
8314
4082
1806
7294
9154
8580
4088
2173
5119
3406
5909
1279
4244
5660
2864
9932
2320
2327
9135
7572
8333
1252
2706
7886
5276
5690
4514
2183
8587
4470
1202
9185
4309
6485
6141
9494
3422
2925
1367
4542
3479
3859
2410
4717
4842
6865
2034
1362
7246
6308
3334
9486
7007
6668
2999
5347
6357
934
4568
1602
8181
2037
2278
3246
1419
5917
4505
4859
7174
56
8047
1863
1445
1041
1462
6612
7799
4960
4538
1799
9742
7081
9550
7917
2785
6730
8090
4558
9151
1914
7067
6421
6343
5065
2543
9980
9746
4555
9889
9772
3228
5442
9145
214
9102
1954
8074
7560
640
3376
1600
7201
5532
4927
2901
4083
9637
7229
6390
192
9118
2966
5285
6184
9806
2811
971
6490
4535
2441
4312
2680
2369
8494
4347
4936
279
2818
3855
179
7607
4026
7292
3671
6568
4870
7196
428
1691
7751
3426
5414
4426
7853
5803
929
3517
8732
7332
4285
6032
6971
7788
537
1083
9367
4108
456
8016
4100
913
2427
7578
7447
1654
266
2267
6446
4157
9851
5655
9440
7005
4547
2675
4072
4587
4056
1660
5301
6932
6659
621
5421
1585
6212
7159
3276
2288
8307
9469
4214
717
5575
3738
1846
6685
4730
8591
7573
218
5188
7009
1417
8209
4274
8278
3531
8104
168
8415
6738
1503
6398
1001
7563
1321
6451
2952
1089
9103
7167
4853
2974
1948
9275
3607
1862
9195
7461
6690
9149
5981
2652
6508
5999
9547
1085
9733
2187
555
5806
9498
4050
6089
459
1213
9794
2624
7317
8473
7415
2243
3162
1850
5611
339
3623
1573
674
6425
1310
1743
6193
9088
9069
1958
6595
1989
5380
5161
778
5561
1994
1813
6779
7428
4281
9461
9500
6495
8945
4974
441
780
5062
3874
1960
4515
2631
4855
7957
2274
5511
6776
4592
1145
4548
5229
3133
999
4343
3354
2483
8562
3423
7468
9952
7898
156
9389
6837
9158
5496
290
7793
7312
5005
9362
3593
6388
8466
9162
9692
3022
2269
5703
2955
4069
9364
6550
641
9695
5320
1739
4811
9466
5938
9263
1999
2145
6176
1818
6363
3292
6768
699
4669
8071
1430
7826
1950
2124
8940
6696
3285
1694
7206
127
9340
972
7515
6452
6120
9865
793
1890
8372
5952
7782
2179
5392
7765
5044
7664
352
7850
5889
584
2914
6887
872
9338
5059
203
7129
792
5694
8161
9839
1783
7125
3539
2078
5650
4286
432
2745
5872
4829
5448
2422
3633
9289
6872
9401
8040
3448
8449
3200
8933
1156
700
594
3153
2223
8325
2554
4805
8359
809
3203
260
8992
1750
5164
6124
2716
3378
3647
5779
83
3472
4325
301
9523
6262
9564
7689
4702
3337
1477
9581
3271
482
9723
3083
7493
1928
2749
1055
3561
1479
1646
7131
8134
8124
2250
128
3032
5143
2040
5579
3052
1039
2343
6104
6502
5457
8938
7334
9814
6573
2315
160
4760
3932
5403
1486
3897
379
5207
8911
6709
3679
2963
497
6682
4229
4983
6861
2198
8169
5135
3813
905
6635
1861
5756
1572
5187
1181
4499
2433
4159
5286
3318
5156
698
764
5063
370
5933
826
6355
5566
1149
2774
850
6362
8756
8924
2020
7683
9084
9831
3872
8740
1289
2806
7993
2380
2697
7429
7605
2255
5894
3135
3732
7775
1494
6706
3584
5919
6632
2289
2701
4460
900
1644
4156
6925
5067
3658
9639
7817
3199
5310
4839
4382
5820
4625
1241
6923
5958
5008
3532
6750
9202
8248
1459
2176
2581
4452
6404
2174
6561
1509
581
8044
7338
6984
9568
221
3287
9563
5289
1416
4518
3894
8480
8084
4295
6396
8755
4276
9690
9419
2639
3402
2442
1775
2348
6316
9235
1212
6546
8936
5254
1351
6437
7003
6450
6081
6309
6110
8798
8999
4239
9567
157
3095
2933
4051
6269
462
6041
6809
8318
2309
2793
2209
1725
1060
3922
1987
6844
6509
8524
7731
1517
6585
2859
4224
3288
2241
6049
3279
5379
5153
9987
897
5534
7276
4331
4556
8297
7348
6407
6230
782
4940
7776
3507
9172
3577
5797
1125
6221
2499
2118
1574
5183
6190
5321
9835
8196
8902
956
1507
894
3669
3619
2071
4297
2257
7787
3300
6506
2521
5652
9490
3143
4572
9130
5482
1400
253
4428
4496
4132
1048
806
5884
3127
7822
9653
3351
163
3929
3305
5685
8286
7961
6967
1000
9244
3882
2841
5342
8489
745
433
3332
8776
5940
3589
8232
5628
2417
8699
2688
478
5560
6369
6310
1851
285
634
5514
2375
8689
5056
5623
8548
1527
3377
1222
4962
5046
739
174
7383
6323
8957
6336
6417
5141
1258
582
8240
5661
8302
5874
9795
9150
8892
5758
6695
6570
3689
3750
2794
161
6986
7331
5823
2936
9228
298
515
457
9038
3125
860
7505
3234
9427
5687
3097
5168
6952
8111
5656
9902
4163
8666
7110
9620
199
8138
6122
7487
6574
3802
1119
5263
3019
470
4777
8840
1760
7205
3637
3264
1510
9893
2280
4806
3134
8691
4818
3892
680
5877
580
6497
2845
5326
6871
4910
7721
2744
3987
7916
6100
8311
7737
815
7310
60
7659
7231
2640
7361
9126
185
267
2021
4785
8745
8513
3887
5835
2161
1791
4537
1754
3520
2066
5100
245
3050
8471
6830
8605
6247
6808
6479
4357
3709
3383
551
8437
2578
4706
7931
8759
9381
4833
6285
1370
5477
6674
4003
5378
3777
522
1626
1926
6958
2677
5287
4327
781
4658
9962
8349
3519
7770
7934
9870
1348
6160
2777
7533
2207
9659
2396
4379
3404
4724
2880
5782
3768
783
2166
3893
992
8236
4546
306
9621
3984
3039
7985
5635
1243
821
9655
8855
2418
4667
6359
5876
2911
7460
1205
6046
2549
5724
9737
7609
3569
8609
3601
3401
8008
7784
539
6419
1979
7230
8976
108
6488
5167
9230
7631
6728
8851
9844
1073
4350
2905
9774
2355
8061
4916
713
7204
4248
7413
2311
957
1185
6466
5176
3180
800
2938
4507
7238
1564
5930
4251
8504
332
258
7074
3398
2873
3999
9008
3863
321
6633
9096
2822
2770
2504
5400
8185
3661
1768
94
6063
281
8825
7165
8054
8053
8193
3225
1257
7228
9400
2940
1394
669
2036
3546
4032
9878
3236
7341
1546
4344
2393
6458
449
3486
6890
7893
8687
4022
5269
4216
9392
3939
7630
1963
3445
9533
9356
5031
1293
6877
976
7094
7365
5406
4488
2708
6072
3311
7706
9731
4034
3796
8932
874
2000
3174
9360
8799
2246
9177
7002
8617
72
5331
3159
4672
1904
1710
9404
3787
1369
9223
7063
9425
4125
1099
3675
5479
3730
7910
5345
6062
8035
6675
9812
2018
1443
6460
284
8088
9410
9918
6242
4387
3012
1460
670
9260
5359
2550
8174
7767
5040
5811
5487
832
2444
8809
1631
5081
2576
5398
1830
4996
1265
1934
4830
5270
3213
7141
5783
4646
6826
9823
7876
8219
5908
8038
5518
8454
1965
8939
7655
1143
1312
1326
8551
4333
2509
44
2735
5990
7870
1681
3866
9085
3753
868
5096
9979
5766
7623
7789
6384
4581
4662
9205
9708
483
5034
292
9592
1474
5522
3320
2316
4038
8032
6868
80
8677
5964
6225
8087
3919
2326
1260
8490
1291
7485
3816
198
3178
5280
6740
842
9569
3121
7773
76
9583
3806
4820
5021
7859
2598
6613
3064
9505
3001
8564
7221
5591
8303
5617
4596
7814
9332
4445
6423
625
8578
6256
8417
2482
6289
5640
3298
7882
3664
951
6930
78
7586
798
5905
2354
2923
1413
8476
9674
8151
5818
9539
1684
2476
238
7101
6361
7810
8401
3129
7790
9304
4001
8182
1497
7663
6893
4260
3119
1543
6449
6165
7503
2097
2122
9049
2386
6158
1853
1545
9536
2860
4259
7592
836
4324
9045
8438
556
1139
2802
1034
4025
9860
6142
1935
768
7096
8544
5339
9232
2421
9682
4397
75
706
608
9666
9718
5332
52
2324
9216
2470
6857
5807
1155
3189
6416
531
3852
7448
5625
2313
8649
1164
7262
5558
6572
5456
7478
1356
949
1271
4164
2468
9899
2017
8599
6284
7056
8023
9120
1375
1840
1064
8344
1804
5781
3711
4337
910
1624
4978
5014
7427
7352
263
1708
2414
7627
5573
9441
4860
1549
3074
2852
1612
9678
4103
2163
3697
1976
9067
6796
1096
3552
9933
8894
7678
96
3970
4934
4431
9757
2824
3873
571
4765
1554
8065
4497
6151
3018
9448
1603
5626
1946
6547
5775
3705
3911
5422
3105
2832
9359
1666
6266
315
9938
6483
2337
1248
2978
2853
9868
771
4093
5810
7680
9465
4241
3457
5998
1382
827
3430
6338
9689
6033
4713
5612
3128
10000
4508
2338
6988
3411
3843
3896
7282
8481
1637
6848
1437
1336
8127
6903
3978
2506
129
8005
188
2436
4968
8078
9449
1530
4342
5957
4618
486
4577
5624
4265
4494
5444
7551
3115
3707
8686
4466
6858
5017
8283
3073
7154
5900
8904
3736
6630
7834
5264
9864
7685
5784
878
8669
1358
5580
899
1193
7522
5967
2058
3336
6534
7702
8352
8506
1021
8139
1938
3725
5470
2711
796
4375
7549
8329
5728
8690
3296
6473
9344
3722
2051
3484
1675
8021
2208
6223
9804
3141
6330
2333
1849
8295
9963
2011
8688
7008
5819
9807
3959
1529
2245
8896
234
3157
6636
676
8441
2232
4636
5397
5860
9618
1962
5594
6732
2383
9643
6328
3613
5618
5388
7293
2930
4335
7666
526
3752
6778
6756
1023
9531
1680
5430
6599
6961
986
6978
9481
1066
4614
7897
8274
5173
9537
4863
6148
3590
7191
7090
38
1504
7367
9307
1832
3527
2004
1614
41
5955
3699
4912
9765
4601
4180
544
9920
940
7958
3045
6863
7014
7303
8568
6587
4943
4719
6439
7698
611
541
487
7113
8356
6527
1674
3606
2975
7976
7463
402
748
2462
4951
1007
2026
6054
4856
825
5169
1839
4552
901
8640
3883
6347
2481
8903
3403
7831
8643
3650
2603
1343
5834
1284
8692
7757
9763
8670
3212
3950
2616
4822
4377
1524
3960
448
6071
4756
5018
1542
824
1943
552
7042
6867
4620
5431
7258
8944
9679
326
2850
5212
5814
1
7153
2477
4362
6965
9009
540
490
3508
4095
2937
767
5645
814
1506
8785
9201
6717
4526
425
3536
6904
7335
194
6311
1852
1576
4301
473
1947
6169
145
3060
6325
5882
858
7264
6835
1590
67
7519
3387
8810
6900
6302
8882
7308
5222
3592
4959
2009
3851
7860
921
9331
8532
5377
5600
7904
2194
1025
7041
2144
2764
8493
6773
4162
3558
8001
4867
6010
8147
2086
1304
3850
573
2357
5318
372
5158
5890
4273
6791
7097
8249
1305
7285
4545
5258
4687
4733
4562
1982
7092
1713
5856
7571
9485
2780
1996
1973
5136
346
8382
6185
9887
8498
1842
2532
8752
9876
4255
2847
2932
1410
3209
250
4894
1814
6296
1468
716
3514
7024
6035
2106
6168
8378
2587
6766
1939
1154
9582
286
7520
4877
4525
5988
2872
313
2222
9007
6869
4869
8618
8711
8106
1729
4728
8014
7668
7061
984
4079
8603
193
7844
3953
6912
5330
8970
7054
6727
843
7829
4903
2797
6864
6387
4109
2089
6276
5503
2991
5283
810
6653
5658
675
4489
4270
73
6954
6739
2626
8620
6126
1245
208
2976
8846
655
8703
2869
1379
1040
8770
3743
7389
310
9039
2984
904
1786
6535
3252
8010
3221
5346
4826
4920
3853
4330
2211
3553
3659
8621
2725
612
4835
8251
892
1365
3005
3776
9137
5410
3470
8839
6836
6075
7128
7277
7949
12
2271
8535
1815
5200
4432
8004
1272
6692
657
3977
8317
8435
5292
6333
7883
2599
4129
6058
6990
9924
615
1011
7350
5460
577
4648
5508
679
5094
4629
1203
3114
9792
3081
8338
1393
724
4914
9409
8718
8836
5086
9227
9663
1883
7694
4272
2381
7747
219
7847
7642
6998
5944
8885
1418
7194
3368
1616
240
590
49
946
1219
1233
7198
6839
8694
5949
8626
3963
102
6870
705
9677
7443
5026
7062
4904
4065
2356
4004
9781
5334
8650
9598
3506
5074
2242
4139
4294
7966
7745
1406
8635
5543
3504
510
1800
4020
1514
1065
8464
7259
696
5319
1296
9052
7378
5812
7497
6358
3663
3238
7263
3356
320
8881
1808
8200
6088
6657
8208
1422
1715
7772
6052
963
3794
6135
8077
5817
7399
7805
8842
7662
5565
2799
8557
630
8000
9155
1476
7208
8615
3142
5541
186
2641
6139
5670
4628
4616
2139
5538
9790
8953
488
9347
3193
9513
1269
9935
3931
6901
2029
4179
8188
3462
9658
4602
1763
3339
2787
4383
4898
9652
2143
4112
3434
5574
8901
9346
5191
773
1712
8728
5353
4380
7133
1049
2644
5504
57
8783
2005
7270
4368
9515
4071
1333
1645
5121
9385
6430
1190
8024
9644
3327
5160
4714
1204
7142
1752
1731
2136
5206
6029
4993
6834
1905
3219
7888
2485
7579
387
8589
7530
2866
8817
4522
5550
3370
4170
9717
3349
9147
2529
6204
9060
2456
5054
7945
7796
4299
7646
8577
7863
5244
8581
2262
9288
3299
8217
6118
6885
9179
6093
7637
6920
1720
7417
7653
3924
873
9206
8331
1221
1597
9736
2022
9283
1255
4302
9702
5721
5716
9576
383
6216
3474
8878
4246
5799
2068
8465
5993
7632
3460
3884
8436
1872
9608
6462
6620
7872
2415
4058
6129
5980
6002
5751
6681
6274
1380
2816
908
1496
7248
7059
7079
3525
8459
4773
790
2438
7135
2408
1669
6524
1130
4221
3248
8313
2162
2016
5987
4999
2928
6503
871
3888
6249
6941
2962
7531
1969
1420
2379
518
1988
9989
3371
9062
981
1881
9984
520
1719
104
8850
5438
64
6043
4313
5415
1051
7568
7720
4060
2085
8484
6953
524
7064
5519
7820
5436
1774
5585
5268
3756
3049
8821
4866
4849
5947
1253
9350
1077
7199
5747
4181
8586
3309
9716
1975
9083
6044
9825
2199
2404
5024
2191
6334
1005
6850
4094
8974
3038
8299
1911
7192
5323
9648
1508
2621
1146
9888
4501
6749
4196
122
5108
8971
8726
7425
3056
8126
6994
5166
4384
6415
8450
1736
6822
1797
2807
1493
2182
2617
1968
8570
2687
4651
9862
2059
9673
7462
9501
3096
2308
8247
1431
7907
6438
7594
5338
3237
8015
1028
7636
7574
262
1706
9464
6134
226
9488
7211
3886
5523
7763
8332
2252
7764
461
4688
4090
8383
1704
9937
8351
498
5312
6597
9010
125
7661
175
1275
4769
8543
547
9093
95
876
1340
9055
4012
4061
1440
47
4257
7328
130
887
6851
7618
7396
1967
6758
4040
1045
136
8242
514
8223
4225
7398
6434
2791
4985
5740
9132
5112
959
9196
9388
2043
5232
3177
2445
9578
5808
3715
9817
386
7905
5529
690
2776
6406
3615
2636
344
1238
8268
5937
3640
3390
9040
4408
3080
1827
1974
4142
5049
9396
2960
5039
1668
3501
5068
7435
9200
3841
8879
9819
1136
5788
4203
4925
7645
164
4780
6014
5614
5259
3510
5226
7107
2227
9184
8379
6786
5901
1389
8263
3914
7047
6113
1398
3759
5418
4506
2076
2401
1652
2488
7995
2693
3425
583
5556
5644
8984
4575
4193
207
2769
7521
9629
4531
2110
114
7254
4570
3250
502
9086
158
3444
6181
3564
5842
6339
9936
2117
5695
1641
5915
9219
7932
4018
3749
8187
9322
4559
3612
5701
3459
7021
396
88
779
2038
291
8680
9180
7924
9767
9993
5761
9269
71
5827
2915
3042
8795
9406
613
2737
4743
9670
4774
3226
9594
9377
1332
9953
7496
8979
9877
8965
4219
1449
1352
9995
5696
9033
9949
1435
1705
1446
392
6519
8046
3344
3494
2312
9750
3631
7670
5224
6128
9435
5864
6235
3247
8707
8668
9411
9239
3782
70
7669
6604
4471
8143
7210
3385
9572
6174
7512
2795
7967
1232
5918
817
3230
4792
7941
7084
3847
2244
7304
9853
1544
3392
3372
7614
9058
3804
9329
2694
7982
2100
9613
7828
2526
9779
1016
9882
1249
6553
1707
6364
1182
8461
1859
303
9079
3047
2707
77
3819
4823
8146
2689
2695
1347
479
2061
9726
216
8425
6820
204
896
3824
8191
7762
988
6019
5510
7841
7610
2573
3662
5673
1826
484
5304
2798
8716
9218
2180
2570
4789
7900
8360
4391
6048
6217
5241
5745
9824
663
4448
7382
4707
3632
629
2464
7
1828
4487
7137
5671
5307
5875
6721
2998
2510
1022
1534
1805
7058
7336
7647
1605
9738
5557
3269
3211
4175
6617
350
2336
2897
2170
5734
361
2961
8644
6751
5087
6853
6371
9127
9240
3323
5906
8226
5613
8555
4014
1978
8136
1671
5746
3638
8284
7455
642
962
6087
3901
4560
309
8266
1186
5845
2012
6282
7446
1127
1378
8695
2817
6704
8978
6239
7968
4995
7333
693
3716
48
5299
422
8664
863
7224
5256
2916
2152
2126
1196
3192
4310
3769
5396
704
6210
8547
337
2335
1733
8542
9543
1766
805
4113
100
3937
7510
6436
2138
7604
2561
11
184
5677
6500
8684
7725
2201
7600
9117
4118
2729
2890
5004
1625
941
7825
5801
31
9210
6536
4828
8017
324
3630
6874
9074
9068
1268
2541
2474
7155
2403
1335
2286
9354
3333
4015
6057
5502
6290
6560
9705
6606
9706
686
4016
5247
8955
4678
3657
408
9139
5748
8398
117
4540
8300
7122
3903
4328
7320
925
2648
828
213
3313
4701
4621
7432
8906
1015
8003
5469
6119
82
9123
8600
672
6590
6476
4044
7523
1069
1008
9518
217
6931
1692
2407
4318
2102
953
9588
244
5704
2498
6921
5248
8406
6708
9596
7029
692
9311
4606
8007
7748
6548
1079
2751
7832
7177
4126
4690
7792
4921
3262
3118
8508
9532
7871
135
2990
3091
7729
6346
6203
9950
2455
4744
819
9402
7840
9173
4495
3917
9555
3092
3277
9958
26
6596
7438
8451
8859
5679
4078
1386
7189
5546
1986
6615
5974
1183
6769
8238
7241
9929
1656
2489
1197
3877
3942
1500
1622
149
574
1167
6086
2158
4673
1401
5475
2615
4748
3973
4218
7943
816
6667
8536
726
347
8505
2696
7271
9675
7830
7146
8614
807
1261
6838
7175
4178
2339
8981
9324
2123
695
7597
8353
2434
9972
9761
3014
3842
2454
1013
8231
7261
54
3823
3079
8790
6764
4686
9764
6650
5649
1748
212
4638
6487
6710
9967
85
1035
8339
4200
5231
9476
3110
1148
6813
3458
7802
9165
5544
1787
4097
7124
9312
8704
8510
4261
8537
710
5953
18
471
8772
9358
8102
9474
3680
4484
3805
932
8387
3835
3758
3170
9434
2284
1913
8527
6422
8468
377
5155
2452
9383
2413
2149
9197
4046
6698
4282
2435
1381
9099
3131
3138
702
3548
3294
8099
3412
8787
9002
8365
5284
1843
7856
636
3113
9838
9030
3070
7157
6666
7978
2221
8884
7479
7114
8645
4881
206
1837
8149
255
6133
8431
9988
349
5749
2656
8033
1858
8784
6652
9634
3654
5923
5796
1765
3744
1553
6408
5840
3156
2586
3101
6295
7001
8282
4057
4590
8199
296
7896
7082
7279
3996
5172
3498
3202
8642
2918
2784
3317
440
5494
2956
8520
609
4455
4365
7173
624
8980
9665
7952
8086
4670
5363
2715
3077
3496
8844
2360
598
3949
2031
9685
9734
3587
2731
7130
1059
6946
5092
8039
1801
1104
1499
5851
359
2156
1012
3004
961
3807
2801
1559
1649
802
677
294
6545
9164
333
8990
6883
3369
2899
6785
5959
5847
9436
4420
5376
3137
7654
5805
3502
6281
6448
3409
7044
5615
4280
5437
9141
3734
9770
649
1063
6716
6949
2712
3416
1144
1237
6694
6250
3713
8422
6627
9511
2056
2614
5128
1178
2992
3235
3674
3554
4191
4700
967
8931
6611
9090
5684
4137
1885
5552
1756
5295
8002
6737
1242
776
4332
1558
3009
5676
1090
3249
6679
831
8720
9810
2514
2389
9683
6651
227
7986
3380
6443
879
8068
777
2705
9908
8927
4084
167
7927
3838
1686
4208
7723
1112
5107
3321
4306
5458
9316
3218
183
8929
7738
7151
5849
740
6629
4950
8834
6521
9913
3
9601
8824
7536
7030
4803
7329
6957
9579
7867
3691
2941
1703
8985
689
9970
6313
7855
5322
9735
5253
7281
6261
6132
2651
7385
9749
923
754
1463
938
1803
2886
6968
2896
7181
6812
8674
9799
631
9837
4945
6762
8399
8233
7360
6501
989
8470
3078
7557
5843
4262
1128
1108
9847
7730
3469
4597
3331
1921
133
131
51
5036
9917
3468
5499
1855
5995
1239
2265
8156
9426
9143
8319
4781
1444
1953
7423
2732
9134
6510
2610
2638
1080
9947
9246
5500
8221
1711
121
66
8203
820
274
8920
2646
2074
7821
7287
6079
7545
4794
7980
4954
5215
1433
7027
6007
7459
9004
5540
4735
6744
2943
8108
3075
6774
9054
6878
3164
7555
6562
6263
2768
5497
2953
2575
2740
50
7289
2819
1983
3069
9713
7758
5162
7580
2676
3962
4895
6194
6775
7356
2220
9816
2877
942
3499
2460
4989
2178
3438
9408
6251
499
678
1769
926
3660
4815
6431
5133
3241
3673
1643
5198
7391
1659
1472
7713
6099
3431
116
6414
6977
8427
9081
2370
7069
7977
6678
1876
5293
8336
2294
4253
6366
5545
6896
3471
1094
3109
2931
394
8375
2766
848
1057
7476
2912
5011
3028
1902
5443
3082
2459
5064
3857
9293
3367
1561
5583
6605
4737
1620
3786
996
2195
9047
6743
8416
1010
8529
2392
5401
9254
859
7148
2756
7086
4412
5019
9420
811
9961
8370
446
3785
2420
2382
6375
3152
4311
9616
978
8043
2081
6426
3253
4775
7915
1685
5698
3642
2935
42
3214
2562
376
3921
1820
5846
1879
7161
2314
1767
1208
7441
8837
3596
644
9394
4696
3798
2331
1372
6268
9025
4467
995
5368
1317
6335
401
5465
801
2635
8571
9166
7535
4172
1264
1610
6589
9784
7807
4919
9975
9298
5896
5984
8982
8977
7583
5928
8848
4436
3603
5420
8137
4889
833
8190
7693
314
3826
6183
1682
9606
1124
7235
3726
6855
2260
6875
6255
9208
5220
8348
8569
9541
6634
643
7639
8804
1492
1868
1391
4661
154
4729
6267
682
3452
632
6084
5383
4578
7364
493
6131
2349
2856
8973
1172
5013
7145
7362
351
2135
3540
2153
3966
8447
8519
4821
8606
4147
6618
282
2909
3413
2724
6647
2810
4476
5794
648
3789
3781
2888
9163
3858
276
6876
273
8474
9955
9327
6025
69
8346
1738
4149
5336
2727
8637
4035
1823
585
6082
8079
2983
3621
8057
1353
6811
5027
2871
1728
5277
5647
3534
3746
8764
9432
509
3775
2883
6917
109
3666
597
4574
7526
2958
1664
3017
5230
722
2612
1442
9267
5722
7115
8241
2722
4075
918
415
7498
6109
1875
5604
92
9100
1665
4243
4882
6566
9586
935
1229
7162
5372
6201
4394
4741
9016
8679
8070
5089
558
775
7486
5942
8428
575
9457
4739
965
4205
3521
9272
5620
2298
2643
5619
3563
8712
1273
5792
8563
3985
9023
3944
97
3382
3800
789
5109
9114
2236
3243
5741
8541
6211
4419
190
1399
8411
220
3537
5142
3357
7216
6050
7692
703
4212
5481
1726
7440
4477
6018
2546
5524
1746
8391
9418
3998
5221
3902
9642
5127
5453
3396
46
5084
5451
4429
4947
3570
3990
5419
9011
9964
9368
3231
6065
343
3255
593
1678
4468
564
7865
5769
5489
889
8144
870
2965
7813
7243
2659
5216
6170
8638
3694
21
4338
1354
2922
2611
2496
2846
2063
4204
8693
7786
7845
3833
9077
6646
5012
9703
2406
1414
9248
8748
8041
7045
5605
3435
6549
1458
9188
7213
2828
4304
5386
5236
2548
1123
6418
3701
763
8320
8624
2092
1201
2306
4791
455
378
7701
6465
6940
7851
4053
4367
2889
4933
5718
3594
2240
3735
3925
8853
8287
1467
1776
6429
5634
3717
3772
8558
5117
7411
105
9326
1020
9492
2200
884
8815
4865
6013
8197
8807
566
9628
6974
4937
6287
1548
1980
200
3686
9222
9429
3643
5638
2186
3066
9146
1215
2050
6494
3533
658
5760
8377
9238
1957
7244
7184
760
8006
6849
6686
9591
327
8925
4047
7564
4190
3626
1180
8972
3951
4675
1195
4177
8826
7372
5606
4308
752
9370
134
6563
1423
8534
3687
3204
8913
2
7116
6140
1454
5555
5314
4563
4048
5646
1569
1893
1214
8110
5912
9477
6092
4427
6787
6670
3123
3913
3326
9776
888
8721
3013
7290
5058
6219
7928
7495
1568
3290
1794
7234
4913
6542
5125
9813
1841
4292
5159
278
417
1138
7419
3961
4644
5774
8576
3808
2842
3799
9372
7325
308
9521
4809
9015
2377
977
5659
1908
7507
3059
8891
8653
8036
8294
7566
766
4880
8128
8829
3728
5186
9483
7420
3693
1171
561
2419
1427
4356
9355
7808
8304
6257
1623
3319
9542
5648
2084
578
9905
2189
530
58
7214
6150
3172
1516
4134
741
8820
1168
7755
257
3989
4217
1906
4418
5714
1038
2552
6365
8595
2569
9215
8659
6386
5461
3289
4349
8949
9182
3646
4039
3991
1825
8733
6976
9922
1018
2879
4868
6584
3832
7596
734
5754
3762
2067
6866
6224
3582
9879
6116
7112
8556
1236
3025
5262
5291
7541
8746
6121
1285
4971
666
6983
7587
9892
9237
9966
9997
3173
6270
9752
617
4643
4836
1470
2944
8140
6525
4348
5996
2895
8207
3034
1635
9233
3503
687
7355
6199
9071
3742
8369
5764
1870
9012
7022
6394
2175
1601
755
5439
3035
3239
3941
3994
6781
5072
6860
2285
9745
9036
2465
1471
8052
9904
5061
9506
5836
6902
8285
1475
4089
5883
3576
177
7733
1359
3215
607
6765
7080
761
6526
7170
1824
4077
5731
8762
9609
5313
2968
6625
7558
7236
948
9437
3774
2837
8159
197
2027
2607
4955
7509
7472
2233
2683
142
6898
9760
6246
6669
7598
9900
9508
8100
4284
2613
2072
3754
2486
6056
2924
7422
9105
587
5305
8097
9603
9110
4787
1029
6741
6492
4786
4850
758
2103
7249
4114
8229
7395
3216
1288
9566
4226
5742
6307
2101
1150
8671
909
708
7345
16
1485
7176
7028
786
7324
9983
9534
423
7053
5360
732
3023
7166
1679
9290
8673
8619
6760
5240
6078
6856
8165
9894
8148
865
6552
6130
8996
1741
480
2685
997
8922
6467
7658
9554
4885
5979
1247
3916
2647
2196
1792
1478
6471
8029
1518
4734
7373
2080
4410
7914
2951
170
3595
1531
1807
7543
7006
7575
2273
233
55
2755
4969
375
7492
6622
6707
1673
7777
